0
0
0
19
27
34
34
19
-17
-79
-173
-304
-471
-668
-887
-1117
-1349
-1572
-1771
-1940
-2074
-2176
-2247
-2289
-2309
-2315
-2315
-2312
-2306
-2300
-2297
-2298
-2301
-2305
-2310
-2315
-2319
-2324
-2328
-2331
-2333
-2335
-2336
-2339
-2342
-2345
-2349
-2352
-2355
-2357
-2359
-2360
-2361
-2364
-2367
-2372
-2379
-2388
-2399
-2409
-2420
-2430
-2438
-2446
-2451
-2455
-2459
-2461
-2464
-2466
-2468
-2472
-2476
-2482
-2488
-2494
-2501
-2507
-2511
-2515
-2517
-2516
-2514
-2511
-2506
-2501
-2496
-2491
-2485
-2480
-2475
-2470
-2465
-2460
-2454
-2450
-2447
-2446
-2447
-2451
-2456
-2464
-2474
-2485
-2498
-2512
-2527
-2542
-2559
-2577
-2596
-2615
-2635
-2655
-2675
-2695
-2714
-2732
-2748
-2763
-2777
-2791
-2804
-2819
-2833
-2849
-2867
-2886
-2906
-2928
-2950
-2973
-2996
-3019
-3043
-3067
-3090
-3113
-3135
-3156
-3174
-3189
-3202
-3210
-3216
-3220
-3223
-3225
-3228
-3231
-3235
-3239
-3243
-3245
-3246
-3246
-3246
-3244
-3243
-3244
-3246
-3250
-3256
-3261
-3267
-3272
-3274
-3274
-3273
-3271
-3268
-3265
-3262
-3259
-3256
-3253
-3248
-3242
-3234
-3225
-3214
-3204
-3193
-3183
-3175
-3168
-3163
-3159
-3156
-3152
-3146
-3138
-3127
-3113
-3095
-3074
-3051
-3028
-3005
-2982
-2963
-2948
-2936
-2928
-2923
-2922
-2921
-2922
-2922
-2920
-2916
-2908
-2896
-2882
-2864
-2842
-2817
-2791
-2762
-2732
-2701
-2669
-2636
-2602
-2568
-2534
-2500
-2466
-2434
-2403
-2374
-2346
-2319
-2293
-2268
-2243
-2217
-2191
-2166
-2140
-2114
-2089
-2066
-2044
-2022
-2002
-1983
-1965
-1947
-1928
-1909
-1889
-1868
-1844
-1819
-1792
-1764
-1734
-1703
-1671
-1640
-1609
-1581
-1553
-1528
-1504
-1483
-1463
-1445
-1427
-1410
-1393
-1376
-1358
-1340
-1320
-1299
-1275
-1248
-1220
-1188
-1156
-1123
-1091
-1062
-1036
-1013
-995
-981
-970
-960
-950
-939
-927
-913
-898
-882
-867
-853
-842
-833
-828
-825
-824
-825
-827
-829
-831
-833
-836
-840
-846
-854
-864
-876
-889
-905
-922
-940
-959
-978
-999
-1020
-1042
-1066
-1091
-1117
-1145
-1174
-1205
-1237
-1269
-1302
-1335
-1369
-1402
-1436
-1469
-1501
-1532
-1562
-1591
-1618
-1643
-1666
-1689
-1710
-1731
-1752
-1774
-1797
-1821
-1847
-1875
-1904
-1935
-1967
-2001
-2037
-2075
-2115
-2156
-2198
-2239
-2280
-2318
-2353
-2385
-2412
-2434
-2452
-2465
-2474
-2479
-2481
-2480
-2475
-2469
-2461
-2453
-2444
-2435
-2426
-2416
-2407
-2396
-2384
-2369
-2352
-2332
-2308
-2281
-2250
-2215
-2177
-2136
-2092
-2045
-1994
-1941
-1886
-1828
-1768
-1706
-1642
-1576
-1508
-1439
-1369
-1299
-1229
-1163
-1099
-1040
-987
-940
-900
-868
-842
-822
-809
-801
-798
-798
-803
-811
-820
-832
-846
-862
-878
-896
-915
-935
-958
-983
-1012
-1044
-1080
-1121
-1166
-1215
-1267
-1322
-1380
-1440
-1502
-1565
-1631
-1698
-1766
-1835
-1904
-1972
-2038
-2101
-2159
-2214
-2263
-2308
-2347
-2383
-2413
-2441
-2467
-2490
-2512
-2534
-2555
-2575
-2594
-2611
-2626
-2637
-2644
-2645
-2641
-2632
-2617
-2597
-2574
-2547
-2518
-2487
-2456
-2424
-2393
-2363
-2334
-2306
-2280
-2255
-2232
-2213
-2195
-2182
-2173
-2169
-2170
-2176
-2186
-2200
-2219
-2241
-2267
-2296
-2328
-2364
-2402
-2441
-2483
-2524
-2565
-2603
-2639
-2671
-2699
-2723
-2744
-2762
-2778
-2793
-2808
-2823
-2838
-2854
-2872
-2890
-2908
-2926
-2943
-2960
-2976
-2989
-3002
-3014
-3024
-3035
-3045
-3056
-3068
-3080
-3093
-3108
-3124
-3139
-3155
-3170
-3184
-3196
-3206
-3213
-3217
-3219
-3218
-3216
-3212
-3208
-3204
-3198
-3191
-3183
-3172
-3158
-3142
-3122
-3098
-3072
-3043
-3012
-2980
-2946
-2912
-2878
-2842
-2805
-2765
-2722
-2676
-2626
-2572
-2514
-2453
-2389
-2323
-2255
-2188
-2121
-2053
-1987
-1921
-1857
-1794
-1733
-1673
-1615
-1560
-1507
-1458
-1413
-1372
-1338
-1312
-1295
-1289
-1295
-1315
-1347
-1392
-1447
-1509
-1576
-1646
-1715
-1781
-1843
-1901
-1955
-2005
-2052
-2095
-2136
-2174
-2209
-2240
-2266
-2285
-2298
-2304
-2300
-2287
-2264
-2232
-2190
-2138
-2079
-2012
-1940
-1865
-1788
-1710
-1634
-1559
-1486
-1414
-1344
-1276
-1209
-1145
-1083
-1027
-976
-932
-898
-873
-858
-853
-858
-872
-894
-924
-959
-998
-1041
-1084
-1127
-1169
-1209
-1246
-1279
-1310
-1339
-1364
-1388
-1409
-1428
-1443
-1451
-1453
-1446
-1430
-1402
-1366
-1321
-1268
-1210
-1148
-1084
-1020
-958
-897
-839
-786
-737
-692
-652
-617
-586
-559
-533
-511
-489
-466
-446
-425
-406
-390
-376
-367
-363
-365
-373
-388
-409
-437
-472
-512
-557
-606
-659
-712
-765
-816
-865
-911
-952
-991
-1027
-1062
-1097
-1135
-1175
-1218
-1266
-1319
-1374
-1432
-1491
-1548
-1603
-1652
-1696
-1733
-1764
-1789
-1808
-1825
-1839
-1851
-1864
-1877
-1891
-1906
-1923
-1940
-1957
-1975
-1991
-2006
-2018
-2027
-2032
-2032
-2027
-2018
-2006
-1991
-1974
-1957
-1942
-1928
-1915
-1905
-1897
-1890
-1883
-1877
-1870
-1862
-1854
-1846
-1836
-1827
-1817
-1809
-1802
-1797
-1794
-1794
-1798
-1805
-1817
-1835
-1857
-1884
-1914
-1946
-1979
-2012
-2041
-2068
-2089
-2107
-2121
-2135
-2148
-2163
-2182
-2203
-2228
-2255
-2282
-2309
-2333
-2353
-2370
-2382
-2392
-2398
-2404
-2408
-2413
-2418
-2425
-2433
-2441
-2452
-2463
-2475
-2487
-2499
-2511
-2523
-2535
-2549
-2565
-2586
-2613
-2646
-2687
-2736
-2794
-2858
-2927
-3001
-3076
-3152
-3226
-3298
-3369
-3438
-3505
-3573
-3642
-3712
-3785
-3861
-3939
-4019
-4101
-4185
-4270
-4356
-4443
-4531
-4619
-4706
-4791
-4870
-4943
-5008
-5062
-5105
-5135
-5152
-5155
-5143
-5116
-5072
-5009
-4924
-4817
-4684
-4527
-4348
-4149
-3939
-3723
-3513
-3317
-3145
-3004
-2898
-2830
-2799
-2799
-2826
-2870
-2922
-2975
-3022
-3056
-3077
-3084
-3078
-3061
-3040
-3018
-2998
-2984
-2978
-2982
-2993
-3011
-3033
-3055
-3077
-3096
-3109
-3117
-3117
-3112
-3101
-3085
-3067
-3046
-3024
-3001
-2978
-2954
-2930
-2903
-2875
-2843
-2807
-2768
-2725
-2678
-2629
-2579
-2528
-2476
-2424
-2371
-2318
-2264
-2209
-2153
-2097
-2040
-1983
-1927
-1872
-1819
-1768
-1720
-1674
-1632
-1594
-1560
-1531
-1507
-1487
-1471
-1458
-1447
-1437
-1425
-1412
-1397
-1377
-1355
-1330
-1303
-1275
-1247
-1220
-1194
-1171
-1150
-1132
-1115
-1101
-1088
-1076
-1063
-1050
-1036
-1021
-1004
-986
-968
-948
-929
-910
-893
-877
-863
-851
-841
-833
-826
-822
-819
-817
-818
-821
-825
-832
-842
-855
-869
-886
-905
-924
-944
-964
-984
-1004
-1025
-1046
-1067
-1090
-1113
-1138
-1162
-1188
-1213
-1238
-1263
-1286
-1310
-1333
-1355
-1377
-1399
-1419
-1437
-1454
-1467
-1477
-1485
-1490
-1494
-1498
-1503
-1509
-1518
-1529
-1543
-1559
-1576
-1595
-1612
-1629
-1646
-1664
-1681
-1700
-1721
-1743
-1769
-1795
-1823
-1852
-1880
-1908
-1936
-1961
-1986
-2010
-2032
-2055
-2076
-2097
-2117
-2138
-2160
-2182
-2205
-2229
-2253
-2279
-2303
-2327
-2350
-2369
-2386
-2400
-2410
-2418
-2424
-2427
-2430
-2432
-2434
-2436
-2437
-2438
-2438
-2438
-2437
-2437
-2437
-2437
-2440
-2445
-2452
-2461
-2474
-2488
-2504
-2522
-2540
-2559
-2576
-2592
-2607
-2619
-2630
-2639
-2646
-2652
-2659
-2666
-2674
-2683
-2692
-2702
-2712
-2721
-2729
-2736
-2742
-2749
-2757
-2768
-2783
-2802
-2826
-2853
-2883
-2915
-2946
-2975
-3000
-3021
-3037
-3050
-3059
-3066
-3071
-3077
-3085
-3094
-3105
-3117
-3130
-3144
-3156
-3167
-3176
-3182
-3185
-3187
-3187
-3186
-3185
-3184
-3183
-3183
-3185
-3185
-3184
-3182
-3176
-3165
-3150
-3131
-3108
-3084
-3060
-3037
-3019
-3005
-2997
-2992
-2991
-2993
-2996
-2998
-3000
-3000
-3000
-2999
-2999
-3001
-3005
-3010
-3017
-3025
-3034
-3043
-3053
-3064
-3075
-3087
-3101
-3117
-3136
-3156
-3178
-3200
-3223
-3243
-3262
-3279
-3294
-3308
-3320
-3332
-3344
-3356
-3368
-3380
-3392
-3405
-3418
-3432
-3448
-3466
-3487
-3511
-3537
-3565
-3593
-3620
-3644
-3665
-3681
-3692
-3698
-3698
-3693
-3685
-3674
-3661
-3647
-3633
-3619
-3607
-3596
-3586
-3577
-3568
-3559
-3548
-3535
-3519
-3501
-3479
-3456
-3431
-3404
-3378
-3350
-3323
-3296
-3268
-3239
-3209
-3175
-3139
-3099
-3056
-3010
-2962
-2913
-2862
-2811
-2761
-2711
-2663
-2616
-2570
-2526
-2483
-2441
-2401
-2361
-2322
-2283
-2244
-2202
-2159
-2113
-2065
-2014
-1962
-1908
-1854
-1800
-1747
-1696
-1649
-1605
-1563
-1525
-1488
-1453
-1417
-1380
-1341
-1298
-1253
-1205
-1156
-1107
-1059
-1013
-971
-933
-899
-867
-837
-807
-775
-741
-704
-663
-619
-572
-524
-475
-426
-378
-332
-287
-245
-205
-166
-128
-90
-52
-13
28
70
112
156
199
241
280
316
348
376
398
417
434
448
461
475
490
505
522
540
559
578
597
615
633
651
666
681
693
704
712
717
719
719
717
715
713
712
714
719
726
738
750
762
775
785
792
796
796
792
785
776
764
751
736
722
707
691
673
654
631
606
577
543
507
467
426
384
343
304
269
238
211
189
171
158
148
140
134
130
127
125
126
127
131
136
144
155
168
184
203
224
247
272
297
322
345
365
382
396
405
412
416
418
420
423
426
431
438
446
455
463
470
475
477
474
467
456
441
422
400
377
352
328
305
283
262
243
227
211
197
184
172
160
149
138
126
113
100
85
68
51
33
15
-2
-18
-33
-47
-61
-75
-89
-104
-122
-140
-159
-180
-201
-224
-247
-272
-299
-329
-361
-396
-432
-468
-505
-540
-574
-606
-637
-665
-693
-720
-745
-769
-790
-807
-820
-828
-831
-828
-822
-813
-804
-796
-792
-791
-796
-807
-825
-849
-877
-910
-947
-988
-1030
-1075
-1122
-1172
-1224
-1280
-1339
-1401
-1464
-1529
-1593
-1655
-1715
-1771
-1825
-1874
-1920
-1961
-2000
-2033
-2062
-2086
-2106
-2120
-2129
-2132
-2132
-2128
-2123
-2116
-2110
-2106
-2103
-2104
-2106
-2111
-2116
-2120
-2123
-2122
-2117
-2108
-2096
-2080
-2063
-2044
-2025
-2007
-1990
-1973
-1957
-1942
-1926
-1909
-1892
-1876
-1861
-1848
-1838
-1830
-1824
-1819
-1815
-1809
-1801
-1790
-1773
-1752
-1727
-1697
-1665
-1631
-1597
-1563
-1531
-1500
-1470
-1441
-1411
-1381
-1348
-1312
-1271
-1226
-1175
-1119
-1058
-993
-925
-854
-783
-713
-643
-575
-511
-448
-388
-330
-274
-218
-163
-106
-48
11
71
134
196
259
321
382
440
497
552
604
656
707
758
810
863
917
973
1029
1084
1139
1192
1243
1292
1338
1383
1425
1467
1506
1544
1582
1619
1656
1691
1726
1758
1789
1817
1841
1858
1870
1875
1875
1869
1860
1850
1840
1834
1830
1829
1831
1835
1839
1839
1836
1829
1816
1799
1778
1755
1731
1706
1681
1658
1635
1613
1592
1571
1550
1530
1511
1493
1476
1462
1450
1441
1433
1428
1422
1418
1413
1405
1394
1380
1361
1336
1306
1271
1229
1182
1130
1073
1011
944
874
800
722
642
560
476
392
307
223
140
58
-23
-103
-182
-260
-338
-416
-495
-575
-657
-740
-825
-912
-1002
-1095
-1192
-1293
-1400
-1512
-1629
-1752
-1881
-2015
-2153
-2293
-2436
-2578
-2720
-2859
-2995
-3127
-3252
-3369
-3479
-3579
-3668
-3746
-3812
-3864
-3902
-3925
-3934
-3926
-3901
-3860
-3802
-3726
-3635
-3527
-3404
-3268
-3119
-2959
-2788
-2610
-2426
-2236
-2045
-1853
-1663
-1476
-1295
-1122
-958
-806
-667
-542
-432
-337
-258
-195
-146
-112
-91
-83
-86
-100
-124
-158
-203
-257
-320
-391
-469
-553
-641
-732
-824
-916
-1006
-1095
-1181
-1264
-1343
-1418
-1489
-1554
-1613
-1665
-1711
-1748
-1780
-1806
-1826
-1845
-1862
-1879
-1899
-1920
-1944
-1970
-1999
-2029
-2059
-2088
-2116
-2144
-2170
-2194
-2216
-2236
-2254
-2269
-2280
-2289
-2294
-2298
-2302
-2307
-2315
-2326
-2343
-2364
-2389
-2417
-2447
-2476
-2505
-2531
-2556
-2579
-2603
-2628
-2655
-2685
-2720
-2760
-2804
-2853
-2906
-2963
-3022
-3085
-3150
-3217
-3285
-3355
-3424
-3493
-3560
-3623
-3683
-3737
-3786
-3828
-3863
-3892
-3915
-3932
-3945
-3954
-3962
-3969
-3977
-3986
-3996
-4008
-4023
-4038
-4053
-4067
-4079
-4086
-4088
-4084
-4073
-4055
-4031
-4001
-3966
-3928
-3888
-3847
-3807
-3768
-3731
-3696
-3663
-3632
-3602
-3573
-3544
-3514
-3483
-3450
-3415
-3377
-3338
-3294
-3249
-3202
-3154
-3105
-3056
-3009
-2963
-2920
-2877
-2837
-2798
-2760
-2722
-2685
-2649
-2613
-2578
-2543
-2509
-2475
-2441
-2405
-2368
-2330
-2291
-2252
-2213
-2176
-2141
-2108
-2080
-2056
-2034
-2016
-1999
-1984
-1970
-1954
-1938
-1920
-1901
-1880
-1859
-1838
-1817
-1798
-1780
-1765
-1751
-1740
-1731
-1721
-1712
-1702
-1691
-1677
-1660
-1638
-1611
-1580
-1542
-1499
-1448
-1393
-1334
-1272
-1209
-1147
-1087
-1031
-978
-929
-883
-840
-798
-755
-713
-669
-623
-577
-531
-484
-439
-394
-350
-308
-266
-225
-186
-147
-108
-70
-32
4
40
75
108
139
168
195
220
242
264
285
307
331
356
383
413
442
471
498
520
539
551
556
555
548
537
521
502
480
456
431
404
378
352
328
305
285
267
250
234
217
197
172
140
102
55
2
-57
-119
-183
-246
-307
-365
-418
-466
-510
-550
-585
-619
-649
-678
-707
-736
-767
-801
-840
-885
-938
-1000
-1071
-1151
-1239
-1332
-1428
-1526
-1622
-1715
-1802
-1883
-1958
-2026
-2089
-2149
-2208
-2268
-2329
-2393
-2459
-2528
-2596
-2663
-2727
-2787
-2841
-2889
-2931
-2969
-3002
-3033
-3061
-3088
-3114
-3140
-3165
-3191
-3217
-3245
-3274
-3304
-3335
-3367
-3398
-3429
-3457
-3482
-3503
-3520
-3532
-3539
-3542
-3540
-3533
-3523
-3508
-3489
-3464
-3434
-3398
-3356
-3309
-3255
-3197
-3136
-3072
-3007
-2940
-2872
-2801
-2726
-2645
-2554
-2451
-2332
-2196
-2040
-1865
-1669
-1455
-1223
-975
-715
-445
-166
120
410
703
998
1297
1598
1903
2213
2529
2853
3186
3530
3885
4250
4624
5004
5388
5768
6139
6493
6821
7114
7364
7563
7707
7789
7806
7755
7633
7437
7160
6796
6338
5778
5109
4330
3443
2461
1402
295
-825
-1918
-2942
-3861
-4641
-5265
-5722
-6019
-6173
-6213
-6170
-6080
-5975
-5884
-5822
-5798
-5812
-5854
-5910
-5962
-5993
-5987
-5934
-5827
-5666
-5455
-5203
-4920
-4619
-4311
-4008
-3718
-3447
-3200
-2980
-2785
-2614
-2467
-2339
-2229
-2133
-2049
-1974
-1907
-1845
-1788
-1736
-1688
-1645
-1607
-1573
-1544
-1519
-1497
-1478
-1460
-1442
-1423
-1403
-1382
-1359
-1336
-1314
-1294
-1276
-1260
-1248
-1240
-1233
-1230
-1228
-1228
-1230
-1233
-1236
-1242
-1248
-1255
-1263
-1271
-1279
-1286
-1291
-1296
-1301
-1305
-1309
-1312
-1316
-1318
-1319
-1319
-1317
-1312
-1306
-1299
-1292
-1285
-1279
-1274
-1269
-1265
-1259
-1252
-1243
-1231
-1216
-1199
-1181
-1162
-1142
-1123
-1103
-1084
-1065
-1044
-1022
-999
-972
-944
-913
-881
-847
-814
-780
-747
-715
-685
-655
-627
-600
-573
-548
-524
-500
-478
-457
-437
-418
-399
-380
-360
-340
-319
-296
-273
-248
-224
-201
-179
-158
-140
-125
-112
-102
-93
-86
-79
-72
-64
-55
-45
-35
-25
-15
-6
2
8
13
17
20
23
27
32
39
49
63
79
98
118
141
164
187
211
234
256
278
299
319
338
356
371
386
399
411
422
433
445
459
474
491
509
529
550
572
596
620
644
669
695
721
748
776
804
832
861
890
919
948
977
1006
1033
1058
1081
1100
1116
1128
1135
1138
1136
1131
1121
1109
1095
1080
1066
1052
1039
1028
1017
1006
994
981
965
946
922
894
862
825
785
741
694
646
597
547
499
452
409
369
333
302
274
250
228
207
185
162
137
110
81
51
22
-6
-32
-55
-75
-94
-109
-125
-140
-156
-173
-190
-208
-226
-243
-260
-276
-292
-308
-323
-341
-359
-378
-397
-416
-434
-450
-466
-480
-492
-502
-512
-521
-529
-537
-544
-551
-558
-565
-572
-580
-588
-595
-603
-609
-616
-622
-628
-634
-642
-651
-663
-675
-689
-704
-718
-729
-737
-742
-743
-740
-733
-723
-712
-700
-688
-677
-667
-659
-653
-648
-645
-642
-642
-642
-643
-644
-648
-651
-654
-658
-661
-663
-664
-664
-663
-661
-659
-657
-657
-658
-660
-665
-671
-679
-688
-698
-707
-715
-722
-725
-724
-720
-713
-704
-694
-685
-678
-675
-675
-679
-685
-694
-702
-709
-713
-715
-713
-711
-708
-705
-705
-709
-717
-728
-742
-757
-773
-787
-798
-805
-808
-807
-803
-797
-789
-782
-776
-773
-772
-773
-775
-777
-778
-777
-774
-768
-759
-747
-732
-717
-700
-685
-670
-657
-646
-638
-632
-626
-622
-618
-613
-607
-599
-590
-578
-566
-554
-541
-529
-517
-504
-490
-473
-454
-430
-402
-372
-340
-306
-272
-240
-209
-179
-150
-121
-91
-59
-25
11
49
89
128
166
204
239
273
305
337
368
400
433
468
503
540
577
615
653
692
731
771
811
852
893
932
971
1006
1038
1068
1093
1115
1134
1151
1166
1179
1192
1204
1215
1226
1237
1247
1259
1272
1286
1302
1319
1336
1354
1372
1389
1403
1415
1424
1431
1435
1437
1437
1437
1436
1433
1431
1428
1424
1418
1411
1401
1388
1372
1353
1332
1308
1282
1254
1224
1192
1157
1119
1078
1032
981
926
865
801
734
665
595
526
458
394
333
275
220
168
117
66
17
-32
-81
-130
-179
-226
-273
-317
-361
-403
-442
-479
-512
-543
-570
-593
-613
-630
-644
-657
-669
-681
-694
-706
-718
-729
-738
-745
-748
-747
-743
-735
-724
-711
-696
-679
-662
-644
-626
-608
-591
-574
-558
-541
-526
-510
-495
-479
-463
-448
-433
-418
-406
-395
-387
-382
-381
-384
-389
-398
-408
-419
-429
-438
-445
-448
-449
-447
-442
-436
-428
-419
-411
-404
-397
-392
-387
-382
-376
-369
-361
-350
-339
-327
-316
-306
-300
-297
-297
-301
-306
-312
-316
-318
-316
-310
-301
-288
-272
-257
-241
-226
-213
-201
-191
-183
-175
-168
-162
-155
-149
-143
-140
-138
-139
-143
-150
-159
-171
-184
-198
-211
-222
-232
-239
-244
-247
-249
-250
-252
-254
-257
-262
-270
-280
-293
-309
-328
-348
-369
-390
-410
-430
-447
-462
-474
-484
-491
-497
-500
-502
-503
-503
-504
-504
-504
-504
-504
-503
-502
-500
-497
-493
-488
-482
-475
-468
-460
-450
-437
-422
-404
-382
-357
-330
-301
-271
-241
-211
-182
-155
-128
-101
-75
-47
-18
12
44
75
107
138
168
197
224
249
272
294
315
336
357
379
401
424
447
470
494
517
540
563
586
608
631
653
674
695
713
730
745
759
773
787
803
821
841
864
888
913
936
957
974
986
994
996
993
987
977
965
951
935
917
898
876
854
829
803
776
749
723
697
673
651
630
610
591
571
550
528
504
479
452
424
397
370
345
322
302
286
273
263
255
250
247
246
246
248
252
257
265
275
288
304
323
344
366
389
414
440
466
493
520
547
576
605
635
666
698
731
765
799
833
868
901
934
968
1002
1036
1072
1109
1148
1189
1231
1275
1318
1362
1404
1444
1482
1517
1550
1581
1609
1636
1661
1686
1711
1736
1762
1790
1818
1848
1877
1906
1934
1961
1985
2006
2025
2041
2054
2066
2075
2082
2089
2094
2098
2102
2105
2108
2110
2111
2112
2111
2109
2105
2099
2091
2081
2068
2051
2031
2008
1982
1953
1922
1890
1857
1825
1793
1763
1734
1704
1673
1641
1607
1570
1532
1492
1450
1409
1369
1331
1295
1262
1233
1206
1182
1160
1140
1122
1106
1091
1079
1067
1057
1048
1039
1032
1024
1016
1007
997
985
972
959
944
930
916
903
890
879
868
859
849
840
831
824
818
814
814
815
819
824
830
835
839
840
837
833
825
815
804
793
782
772
764
758
752
747
742
737
729
720
707
691
673
653
630
608
586
567
550
537
527
521
515
510
505
497
485
470
450
425
397
367
333
298
261
223
184
143
99
54
7
-42
-93
-145
-196
-246
-294
-339
-381
-419
-454
-488
-520
-551
-581
-610
-638
-662
-683
-700
-711
-715
-714
-708
-699
-687
-673
-658
-644
-631
-620
-610
-602
-595
-589
-585
-581
-578
-574
-570
-564
-555
-544
-531
-515
-497
-477
-456
-433
-409
-384
-357
-329
-299
-267
-233
-199
-163
-127
-90
-53
-16
20
58
95
132
169
207
244
281
318
356
394
435
477
521
570
620
671
723
774
821
867
907
942
972
997
1020
1040
1058
1075
1093
1113
1134
1157
1182
1208
1235
1261
1287
1311
1333
1353
1371
1386
1399
1409
1417
1422
1424
1422
1415
1404
1387
1367
1343
1318
1292
1266
1245
1226
1212
1202
1196
1193
1192
1191
1189
1186
1181
1174
1164
1150
1134
1116
1095
1073
1049
1025
1000
976
951
925
900
874
847
820
791
763
734
706
679
653
629
607
587
568
552
536
523
509
496
483
469
455
438
421
402
382
361
339
315
291
267
242
217
191
165
137
109
80
50
19
-10
-39
-65
-87
-105
-116
-119
-115
-103
-84
-59
-28
7
45
85
125
165
204
240
275
306
333
357
377
392
403
410
413
412
411
408
404
401
399
398
398
398
399
399
399
396
391
384
374
362
347
330
311
290
269
246
224
203
181
162
144
126
110
93
75
57
38
17
-4
-26
-49
-71
-92
-113
-133
-152
-172
-192
-214
-237
-262
-290
-321
-355
-390
-427
-465
-501
-537
-569
-599
-627
-654
-680
-706
-733
-760
-788
-817
-846
-874
-901
-925
-947
-967
-985
-1000
-1014
-1025
-1034
-1042
-1047
-1050
-1052
-1054
-1056
-1059
-1065
-1074
-1085
-1100
-1117
-1135
-1153
-1172
-1189
-1206
-1222
-1238
-1255
-1273
-1293
-1315
-1340
-1368
-1398
-1430
-1463
-1496
-1529
-1561
-1592
-1622
-1652
-1680
-1707
-1734
-1761
-1786
-1811
-1835
-1856
-1877
-1897
-1916
-1934
-1951
-1968
-1983
-1997
-2010
-2021
-2031
-2041
-2051
-2062
-2074
-2088
-2104
-2122
-2140
-2159
-2177
-2193
-2205
-2216
-2223
-2228
-2230
-2231
-2232
-2233
-2234
-2236
-2239
-2243
-2246
-2249
-2250
-2249
-2244
-2235
-2221
-2202
-2180
-2154
-2125
-2096
-2065
-2034
-2003
-1973
-1941
-1908
-1873
-1837
-1799
-1760
-1721
-1684
-1650
-1618
-1590
-1566
-1545
-1526
-1507
-1489
-1469
-1448
-1425
-1400
-1375
-1349
-1323
-1297
-1273
-1249
-1227
-1206
-1186
-1167
-1149
-1131
-1113
-1094
-1073
-1049
-1023
-994
-963
-928
-892
-856
-820
-785
-751
-721
-692
-665
-642
-620
-602
-585
-571
-559
-549
-540
-532
-524
-517
-507
-497
-486
-471
-455
-437
-417
-394
-368
-339
-307
-272
-235
-195
-154
-112
-69
-28
12
51
88
123
158
192
225
259
292
325
357
389
419
447
472
493
509
522
531
537
541
544
550
558
572
590
615
645
680
717
755
792
828
860
891
920
948
978
1008
1042
1080
1121
1165
1211
1258
1305
1353
1400
1446
1492
1539
1586
1633
1680
1725
1768
1809
1847
1882
1915
1946
1977
2010
2042
2076
2112
2150
2187
2225
2263
2301
2338
2375
2412
2449
2486
2523
2558
2593
2626
2658
2689
2719
2749
2779
2811
2845
2879
2915
2951
2986
3020
3051
3079
3105
3128
3148
3166
3182
3197
3211
3226
3240
3254
3268
3283
3297
3312
3326
3341
3354
3367
3379
3389
3396
3399
3397
3390
3376
3357
3331
3299
3263
3225
3186
3146
3109
3075
3043
3013
2984
2955
2924
2890
2853
2811
2766
2718
2667
2616
2566
2516
2469
2424
2381
2340
2300
2262
2224
2188
2152
2117
2083
2049
2015
1982
1948
1914
1877
1840
1801
1760
1719
1676
1633
1590
1547
1504
1461
1418
1376
1334
1293
1253
1214
1178
1143
1110
1078
1047
1016
985
954
923
892
863
835
810
788
768
751
735
720
705
689
671
652
631
610
589
569
550
532
516
500
485
469
452
434
415
395
375
357
340
325
314
305
299
296
295
295
296
297
298
297
297
294
291
286
281
275
271
269
268
268
270
272
274
276
277
278
279
281
285
290
297
306
317
328
339
349
359
368
377
386
396
406
417
430
445
461
479
498
518
539
560
581
601
618
633
644
652
656
658
658
657
655
654
652
651
650
650
650
649
648
646
644
641
638
635
631
627
622
617
612
608
605
605
607
611
616
623
631
638
642
644
642
636
627
615
602
590
580
572
569
570
576
584
594
606
618
629
639
647
654
660
666
673
679
686
695
705
717
731
748
768
791
818
849
882
919
957
997
1037
1079
1122
1166
1212
1260
1310
1362
1415
1469
1521
1572
1620
1664
1705
1742
1776
1809
1841
1874
1907
1942
1979
0
0
