1140

1136

1129

1120

1110

1097

1082

1066

1048

1028

1004

978

947

914

876

836

793

748

702

655

608

561

515

470

428

387

348

313

279

245

213

181

150

118

86

56

28

4

-16

-30

-39

-42

-40

-35

-27

-19

-12

-7

-2

0

2

4

6

10

15

22

32

42

53

63

75

87

98

111

124

137

153

170

188

207

227

249

271

294

317

341

365

389

413

438

465

493

525

560

598

641

687

736

787

839

893

946

997

1048

1098

1146

1193

1238

1283

1326

1367

1407

1444

1479

1513

1543

1572

1600

1626

1652

1677

1702

1726

1750

1772

1794

1815

1835

1855

1875

1894

1912

1929

1944

1957

1965

1969

1969

1966

1959

1950

1941

1933

1926

1919

1914

1909

1903

1895

1884

1871

1855

1839

1821

1804

1789

1775

1763

1752

1742

1730

1718

1702

1685

1664

1641

1617

1593

1568

1543

1519

1496

1472

1449

1425

1400

1373

1344

1312

1279

1245

1210

1176

1141

1109

1078

1050

1024

1001

978

958

937

917

896

874

852

830

807

784

760

737

712

687

659

629

597

561

523

482

440

397

355

315

278

246

219

197

181

170

165

164

167

173

182

194

209

226

247

270

297

327

357

390

422

453

483

510

535

557

577

595

612

628

642

656

668

678

685

690

691

689

685

678

670

659

647

633

618

603

587

570

553

537

521

507

496

486

477

469

460

449

435

419

399

377

353

328

303

280

259

239

223

206

191

175

159

143

126

109

92

75

57

38

17

-6

-33

-65

-100

-138

-179

-220

-260

-297

-330

-358

-380

-394

-403

-406

-405

-401

-394

-388

-383

-380

-381

-387

-397

-411

-430

-450

-471

-492

-510

-526

-537

-545

-551

-555

-559

-565

-574

-587

-603

-623

-644

-667

-689

-708

-725

-738

-748

-755

-760

-765

-772

-780

-792

-807

-826

-849

-876

-905

-935

-965

-994

-1023

-1051

-1077

-1101

-1124

-1147

-1169

-1190

-1211

-1232

-1251

-1270

-1286

-1300

-1312

-1322

-1330

-1336

-1342

-1348

-1355

-1364

-1375

-1388

-1403

-1418

-1434

-1447

-1460

-1471

-1479

-1486

-1492

-1499

-1508

-1517

-1528

-1540

-1552

-1562

-1569

-1572

-1569

-1561

-1547

-1529

-1506

-1480

-1452

-1421

-1389

-1356

-1320

-1285

-1248

-1212

-1177

-1144

-1114

-1087

-1063

-1044

-1027

-1013

-999

-987

-973

-958

-940

-920

-899

-875

-848

-821

-794

-767

-740

-713

-686

-658

-631

-601

-570

-539

-507

-474

-443

-413

-385

-360

-336

-314

-292

-271

-249

-226

-203

-180

-158

-137

-119

-104

-93

-84

-76

-70

-63

-55

-43

-28

-9

14

40

68

99

131

162

195

228

261

295

331

369

408

449

492

537

581

626

670

712

752

790

824

857

888

918

947

978

1009

1043

1080

1118

1159

1201

1242

1283

1321

1355

1385

1411

1433

1453

1472

1491

1512

1537

1565

1599

1637

1679

1723

1768

1813

1858

1900

1942

1984

2026

2068

2114

2161

2211

2263

2317

2371

2427

2482

2536

2590

2642

2693

2743

2791

2837

2882

2925

2965

3004

3041

3075

3109

3142

3174

3206

3239

3273

3309

3345

3383

3423

3464

3504

3546

3587

3627

3667

3705

3742

3778

3812

3845

3876

3906

3934

3960

3985

4008

4030

4051

4074

4098

4123

4151

4182

4213

4245

4275

4304

4329

4350

4366

4378

4387

4394

4398

4403

4409

4416

4426

4438

4452

4466

4481

4494

4504

4511

4513

4509

4499

4484

4464

4438

4411

4380

4348

4314

4279

4243

4205

4167

4126

4085

4043

4001

3960

3917

3875

3832

3787

3739

3689

3636

3581

3526

3470

3416

3363

3314

3268

3224

3182

3139

3098

3055

3011

2967

2922

2877

2833

2790

2747

2707

2667

2628

2589

2549

2510

2469

2426

2383

2339

2294

2249

2205

2162

2119

2079

2041

2005

1970

1936

1904

1873

1842

1812

1783

1753

1724

1695

1666

1636

1607

1576

1546

1515

1485

1454

1426

1397

1371

1346

1323

1302

1284

1268

1254

1242

1230

1219

1207

1194

1179

1163

1145

1127

1110

1094

1081

1072

1066

1064

1063

1063

1062

1058

1052

1044

1033

1020

1007

995

985

977

972

968

965

961

956

949

940

929

919

910

905

905

909

918

933

951

969

986

1001

1013

1021

1027

1032

1035

1040

1047

1056

1066

1077

1089

1101

1112

1122

1131

1140

1148

1156

1164

1172

1178

1183

1184

1182

1177

1169

1159

1148

1138

1130

1125

1123

1124

1126

1129

1130

1128

1121

1110

1093

1071

1046

1019

990

962

936

913

893

877

865

857

852

850

852

855

861

869

878

889

901

912

923

932

939

943

944

943

940

935

929

924

920

917

916

917

920

924

929

936

944

954

966

980

997

1017

1041

1069

1100

1133

1167

1203

1239

1275

1311

1347

1384

1423

1464

1507

1554

1603

1655

1709

1764

1820

1874

1928

1980

2030

2078

2125

2170

2214

2258

2302

2345

2389

2432

2473

2511

2547

2579

2607

2631

2652

2672

2692

2714

2736

2762

2789

2818

2846

2872

2896

2916

2931

2941

2947

2952

2954

2956

2959

2963

2969

2978

2989

3003

3018

3036

3056

3078

3102

3126

3151

3174

3195

3214

3229

3240

3246

3248

3247

3244

3239

3233

3227

3222

3219

3217

3218

3221

3226

3233

3240

3247

3254

3258

3259

3258

3253

3246

3237

3228

3219

3212

3207

3205

3204

3206

3207

3208

3209

3209

3207

3205

3202

3199

3197

3195

3193

3191

3186

3180

3171

3160

3144

3126

3106

3084

3060

3036

3011

2987

2962

2936

2910

2883

2854

2825

2794

2764

2732

2700

2666

2630

2593

2555

2515

2474

2431

2388

2345

2301

2256

2211

2165

2118

2069

2018

1966

1912

1857

1802

1746

1689

1633

1578

1526

1478

1434

1398

1367

1344

1327

1315

1307

1300

1292

1280

1265

1245

1220

1191

1160

1128

1097

1067

1038

1012

987

962

938

913

887

861

834

808

782

758

735

714

694

675

657

637

617

596

572

546

519

489

457

0

0

