8541

8703

8807

8846

8817

8717

8541

8286

7946

7516

6989

6361

5630

4795

3866

2855

1785

687

-403

-1447

-2405

-3243

-3936

-4467

-4834

-5049

-5133

-5116

-5033

-4919

-4804

-4710

-4653

-4634

-4651

-4691

-4739

-4775

-4784

-4752

-4670

-4533

-4344

-4107

-3833

-3531

-3216

-2897

-2586

-2292

-2021

-1774

-1555

-1364

-1197

-1053

-930

-824

-733

-654

-586

-527

-475

-430

-389

-351

-315

-280

-245

-210

-175

-140

-105

-72

-42

-14

11

35

55

74

93

111

128

144

159

172

181

187

189

188

183

176

167

158

148

138

129

121

114

107

101

94

88

81

74

69

64

61

60

63

68

75

85

96

108

119

127

133

135

134

130

124

118

112

108

106

109

116

127

142

160

181

203

227

253

279

306

334

363

394

425

456

489

522

553

583

610

634

656

675

691

706

720

735

751

769

787

807

827

846

865

881

897

912

926

941

955

970

986

1001

1016

1030

1043

1054

1065

1075

1086

1096

1107

1118

1128

1138

1146

1153

1158

1160

1162

1161

1160

1160

1159

1160

1161

1164

1166

1168

1171

1174

1179

1183

1190

1197

1207

1220

1234

1251

1271

1292

1316

1341

1367

1394

1421

1447

1472

1496

1518

1537

1554

1569

1582

1596

1609

1623

1639

1657

1677

1701

1727

1754

1785

1816

1848

1879

1909

1937

1962

1985

2005

2022

2037

2052

2066

2081

2095

2109

2122

2134

2143

2150

2154

2154

2151

2144

2133

2120

2104

2086

2065

2042

2017

1990

1961

1932

1902

1870

1838

1805

1770

1733

1696

1657

1617

1577

1536

1495

1456

1417

1379

1342

1307

1274

1243

1212

1182

1154

1127

1100

1074

1048

1024

1000

978

957

938

921

904

889

874

857

840

822

804

784

765

746

728

710

693

677

660

642

624

605

586

567

550

534

520

508

497

487

478

468

458

448

438

429

420

413

407

402

398

394

390

384

378

370

360

350

339

329

319

310

303

298

297

299

305

314

325

340

356

372

389

406

422

437

451

462

471

478

481

481

479

474

466

457

447

436

427

419

411

405

402

398

395

393

392

390

389

386

382

377

370

362

352

342

332

324

318

314

314

316

320

326

331

334

336

335

332

325

316

307

296

284

272

261

251

240

232

223

216

210

206

202

199

197

197

197

197

197

198

198

200

201

201

200

198

194

189

183

175

168

160

153

146

143

142

144

150

158

170

184

200

216

233

251

268

284

299

313

327

341

356

369

383

397

410

422

432

441

449

455

460

465

471

478

488

503

521

543

570

602

637

675

714

755

797

838

879

919

958

995

1030

1063

1095

1125

1154

1183

1212

1241

1271

1301

1332

1364

1398

1431

1464

1498

1530

1562

1592

1620

1646

1671

1693

1714

1733

1752

1771

1790

1809

1828

1846

1865

1883

1899

1916

1932

1947

1962

1977

1990

2003

2014

2024

2031

2036

2040

2041

2041

2040

2039

2038

2037

2037

2039

2041

2043

2045

2046

2046

2043

2036

2024

2007

1984

1955

1919

1878

1832

1782

1728

1673

1614

1554

1493

1431

1370

1309

1249

1188

1128

1068

1007

944

878

808

735

661

585

507

432

359

292

230

174

124

80

41

6

-26

-56

-85

-114

-143

-173

-203

-234

-266

-297

-326

-353

-377

-398

-414

-426

-435

-440

-443

-445

-447

-449

-452

-455

-457

-459

-459

-456

-451

-443

-433

-421

-408

-394

-380

-366

-352

-339

-326

-313

-299

-286

-272

-259

-247

-237

-229

-225

-225

-229

-237

-249

-264

-280

-297

-315

-330

-345

-357

-368

-376

-382

-386

-389

-389

-389

-388

-386

-381

-376

-369

-363

-355

-346

-338

-330

-323

-317

-311

-306

-301

-297

-294

-291

-287

-283

-278

-272

-265

-257

-246

-235

-223

-211

-200

-191

-183

-177

-173

-170

-170

-170

-169

-168

-166

-164

-160

-156

-153

-151

-150

-151

-154

-159

-165

-171

-176

-180

-183

-184

-183

-182

-179

-177

-175

-175

-177

-180

-185

-192

-200

-210

-221

-234

-247

-260

-273

-285

-296

-303

-308

-308

-305

-299

-290

-279

-267

-256

-247

-241

-237

-237

-238

-239

-239

-237

-229

-216

-196

-169

-137

-101

-61

-19

22

62

101

138

174

209

245

282

322

364

409

456

505

553

600

645

686

724

759

792

823

853

884

916

950

985

1021

1056

1090

1121

1149

1173

1194

1214

1233

1253

1275

1300

1328

1360

1396

1434

1473

1511

1549

1583

1613

1640

1663

1682

1697

1709

1718

1725

1729

1732

1733

1733

1730

1727

1721

1714

1706

1697

1685

1672

1657

1640

1620

1599

1574

1548

1519

1489

1459

1427

1396

1366

1337

1310

1286

1263

1243

1225

1207

1190

1171

1151

1129

1104

1076

1047

1018

989

963

941

922

908

898

893

890

890

892

896

903

912

924

940

959

982

1006

1030

1055

1078

1099

1120

1138

1155

1173

1192

1213

1237

1265

1296

1331

1369

1409

1451

1494

1537

1578

1619

1658

1695

1730

1763

1795

1826

1855

1885

1915

1946

1978

2012

2049

2089

2129

2171

2215

2258

2300

2341

2381

2421

2459

2496

2533

2569

2603

2635

2664

2689

2710

2727

2740

2750

2758

2764

2770

2775

2781

2787

2792

2797

2802

2805

2808

2810

2812

2812

2812

2810

2805

2798

2787

2773

2754

2732

2706

2676

2643

2608

2572

2533

2494

2454

2414

2375

2336

2297

2259

2221

2185

2149

2113

2078

2044

2011

1978

1947

1915

1884

1852

1819

1786

1753

1721

1691

1664

1641

1623

1610

1602

1597

1594

1593

1591

1587

1582

1574

1564

1553

1541

1530

1520

1510

1502

1495

1489

1483

1478

1472

1466

1459

1453

1445

1438

1431

1425

1421

1418

1416

1415

1414

1414

1414

1412

1409

1405

1397

1387

1374

1358

1338

1316

1292

1268

1243

1219

1198

1181

1167

1157

1150

1146

1145

1144

1143

