-2012

-2014

-2019

-2028

-2040

-2058

-2079

-2103

-2128

-2154

-2179

-2202

-2223

-2241

-2257

-2269

-2280

-2290

-2298

-2307

-2315

-2324

-2333

-2343

-2354

-2367

-2380

-2395

-2409

-2424

-2438

-2450

-2461

-2469

-2474

-2479

-2480

-2481

-2480

-2479

-2478

-2478

-2478

-2478

-2479

-2481

-2484

-2486

-2489

-2490

-2490

-2487

-2482

-2474

-2461

-2444

-2422

-2397

-2368

-2336

-2303

-2268

-2233

-2198

-2165

-2132

-2100

-2069

-2037

-2005

-1971

-1936

-1898

-1858

-1816

-1771

-1725

-1677

-1627

-1576

-1525

-1475

-1424

-1375

-1327

-1281

-1236

-1191

-1146

-1101

-1053

-1004

-952

-899

-845

-791

-737

-685

-635

-587

-541

-496

-451

-407

-361

-315

-267

-218

-168

-118

-69

-19

31

81

130

179

228

278

328

378

428

479

531

585

640

698

758

819

881

943

1002

1059

1110

1156

1196

1232

1264

1293

1320

1348

1378

1409

1443

1478

1515

1552

1588

1624

1658

1690

1721

1752

1782

1813

1844

1877

1910

1942

1975

2005

2033

2059

2082

2100

2116

2128

2136

2141

2143

2143

2141

2138

2134

2131

2128

2124

2122

2119

2117

2114

2111

2106

2102

2098

2094

2091

2088

2087

2087

2088

2090

2092

2094

2095

2095

2092

2085

2075

2061

2043

2020

1993

1964

1931

1897

1861

1826

1790

1754

1719

1684

1649

1616

1583

1552

1523

1498

1475

1456

1440

1426

1415

1406

1398

1391

1385

1380

1377

1376

1378

1383

1389

1397

1406

1416

1426

1435

1444

1452

1460

1468

1476

1485

1494

1502

1511

1519

1525

1531

1534

1535

1534

1531

1526

1518

1508

1496

1482

1467

1451

1433

1413

1394

1374

1353

1333

1313

1293

1273

1254

1237

1221

1206

1192

1179

1167

1156

1145

1134

1121

1107

1090

1071

1048

1023

997

968

938

909

879

851

825

801

779

759

741

725

709

693

677

659

638

613

585

553

517

476

434

388

342

294

247

203

160

122

88

60

39

23

14

10

11

14

17

19

20

18

12

3

-10

-25

-43

-63

-85

-107

-132

-158

-186

-217

-249

-284

-320

-360

-401

-444

-490

-536

-585

-635

-684

-735

-784

-833

-880

-925

-968

-1008

-1046

-1080

-1109

-1135

-1156

-1173

-1185

-1192

-1195

-1195

-1193

-1190

-1188

-1186

-1188

-1193

-1199

-1207

-1215

-1222

-1226

-1226

-1220

-1209

-1192

-1170

-1147

-1121

-1096

-1073

-1053

-1036

-1021

-1009

-999

-989

-979

-967

-955

-942

-929

-916

-904

-892

-882

-872

-861

-848

-833

-814

-791

-764

-734

-702

-669

-637

-607

-578

-552

-528

-505

-481

-455

-425

-391

-352

-308

-259

-207

-153

-96

-39

18

76

134

192

252

312

374

437

500

564

627

690

751

810

866

920

972

1021

1068

1112

1157

1201

1244

1289

1336

1386

1438

1492

1549

1607

1666

1723

1778

1829

1877

1921

1961

1998

2033

2067

2102

2138

2174

2213

2252

2292

2330

2367

2402

2433

2461

2483

2500

2512

2519

2521

2520

2515

2509

2500

2491

2482

2473

2464

2455

2445

2434

2422

2407

2390

2371

2348

2325

2301

2275

2248

2222

2197

2172

2149

2127

2108

2091

2075

2063

2052

2044

2037

2031

2025

2019

2012

2004

1995

1984

1972

1958

1941

1921

1897

1868

1833

1791

1742

1685

1620

1548

1470

1386

1298

1208

1116

1024

933

843

756

670

585

501

417

331

244

156

65

-26

-119

-211

-302

-393

-484

-574

-666

-759

-856

-958

-1067

-1182

-1306

-1436

-1574

-1717

-1864

-2013

-2163

-2312

-2457

-2597

-2734

-2864

-2988

-3105

-3214

-3315

-3407

-3487

-3556

-3612

-3653

-3680

-3691

-3687

-3666

-3628

-3574

-3504

-3417

-3313

-3195

-3061

-2914

-2755

-2585

-2406

-2222

-2032

-1839

-1647

-1457

-1271

-1092

-922

-763

-617

-485

-368

-267

-181

-111

-56

-16

9

22

21

7

-18

-55

-101

-158

-223

-297

-378

-465

-556

-651

-747

-843

-936

-1025

-1108

-1184

-1252

-1313

-1366

-1413

-1454

-1490

-1524

-1555

-1585

-1614

-1642

-1670

-1699

-1727

-1753

-1779

-1804

-1827

-1849

-1868

-1887

-1904

-1922

-1939

-1957

-1975

-1993

-2010

-2027

-2043

-2059

-2073

-2086

-2099

-2113

-2127

-2143

-2159

-2176

-2194

-2211

-2228

-2244

-2259

-2274

-2289

-2304

-2321

-2340

-2361

-2385

-2411

-2440

-2472

-2507

-2544

-2583

-2626

-2672

-2722

-2776

-2832

-2890

-2950

-3010

-3068

-3125

-3177

-3226

-3271

-3312

-3349

-3384

-3417

-3447

-3477

-3504

-3530

-3552

-3572

-3588

-3600

-3610

-3616

-3620

-3624

-3626

-3629

-3631

-3632

-3631

-3626

-3617

-3602

-3580

-3552

-3518

-3480

-3439

-3396

-3354

-3312

-3272

-3234

-3197

-3161

-3126

-3090

-3053

-3016

-2977

-2938

-2898

-2857

-2814

-2771

-2726

-2679

-2630

-2579

-2525

-2471

-2414

-2357

-2299

-2242

-2185

-2130

-2076

-2024

-1975

-1928

-1883

-1840

-1798

-1757

-1716

-1675

-1634

-1592

-1548

-1504

-1459

-1413

-1366

-1320

-1274

-1228

-1184

-1143

-1104

-1069

-1038

-1010

-985

-961

-939

-917

-894

-869

-843

-814

-785

-756

-726

-698

-671

-646

-623

-600

-577

-553

-527

-499

-467

-431

-391

-345

-295

-242

-186

-128

-69

-11

47

102

156

210

263

316

371

428

486

545

603

658

710

757

800

838

875

911

949

991

1037

1088

1141

1196

1250

1301

1347

1387

1420

1447

1468

1485

1501

1515

1530

1547

1567

1590

1615

1643

1674

1705

1735

1763

1787

1805

1817

1822

1820

1811

1797

1778

1756

1734

1711

1689

1668

1648

1629

1611

1593

1574

1553

1530

1503

1472

1438

1398

1355

1307

1257

1205

1151

1096

1041

984

927

871

815

761

709

662

619

581

548

519

493

467

439

407

368

320

263

195

118

32

-61

-160

-263

-368

-472

-573

-670

-761

-847

-926

-999

-1066

-1131

-1193

-1255

-1318

-1381

-1446

-1513

-1579

-1646

-1711

-1774

-1835

-1891

-1943

-1991

-2035

-2073

-2107

-2135

-2160

-2180

-2198

-2214

-2229

-2243

-2260

-2277

-2296

-2315

-2336

-2358

-2378

-2399

-2418

-2435

-2450

-2461

-2469

-2472

-2470

-2461

-2445

-2423

-2393

-2357

-2314

-2266

-2214

-2158

-2099

-2038

-1974

-1909

-1840

-1768

-1690

-1605

-1510

-1404

-1283

-1146

-993

-821

-632

-426

-205

29

274

528

790

1058

1331

1610

1894

2184

2480

2782

3094

3415

3745

4085

4436

4797

5168

5547

5931

6317

6699

7072

7428

7762

8063

8325

